QGC WPL 110
0	1	0	16	0	1	0	0	42.9997039612372305	-78.7770688533782959	0	1
1	0	3	22	0	1	0	0	42.9997039612372305	-78.7770688533782959	5	1
2	0	3	16	0	1	0	0	42.9997039612372305	-78.7771332263946533	5	1
3	0	3	16	0	1	0	0	42.9997039612372305	-78.7771868705749512	5	1
4	0	3	16	0	1	0	0	42.9997039612372305	-78.7772512435913086	5	1
5	0	3	16	0	1	0	0	42.9997039612372305	-78.777315616607666	5	1
6	0	3	16	0	1	0	0	42.9996568815485602	-78.777315616607666	5	1
7	0	3	16	0	1	0	0	42.9996098018238158	-78.777315616607666	5	1
8	0	3	16	0	1	0	0	42.9995705686922989	-78.777315616607666	5	1
9	0	3	16	0	1	0	0	42.9995234889014171	-78.777315616607666	5	1
10	0	3	16	0	1	0	0	42.9994764090744752	-78.777315616607666	5	1
11	0	3	16	0	1	0	0	42.9994371758577785	-78.777315616607666	5	1
12	0	3	16	0	1	0	0	42.9994371758577785	-78.7772512435913086	5	1
13	0	3	16	0	1	0	0	42.9994371758577785	-78.7771868705749512	5	1
14	0	3	16	0	1	0	0	42.9994371758577785	-78.7771332263946533	5	1
15	0	3	16	0	1	0	0	42.9994371758577785	-78.7770688533782959	5	1
16	0	3	16	0	1	0	0	42.9994764090744752	-78.7770688533782959	5	1
17	0	3	16	0	1	0	0	42.9994764090744752	-78.7771332263946533	5	1
18	0	3	16	0	1	0	0	42.9994764090744752	-78.7771868705749512	5	1
19	0	3	16	0	1	0	0	42.9994764090744752	-78.7772512435913086	5	1
20	0	3	16	0	1	0	0	42.9995234889014171	-78.7772512435913086	5	1
21	0	3	16	0	1	0	0	42.9995234889014171	-78.7771868705749512	5	1
22	0	3	16	0	1	0	0	42.9995705686922989	-78.7771868705749512	5	1
23	0	3	16	0	1	0	0	42.9996098018238158	-78.7771868705749512	5	1
24	0	3	16	0	1	0	0	42.9995705686922989	-78.7772512435913086	5	1
25	0	3	16	0	1	0	0	42.9996098018238158	-78.7772512435913086	5	1
26	0	3	16	0	1	0	0	42.9996568815485602	-78.7772512435913086	5	1
27	0	3	16	0	1	0	0	42.9996568815485602	-78.7771868705749512	5	1
28	0	3	16	0	1	0	0	42.9996568815485602	-78.7771332263946533	5	1
29	0	3	16	0	1	0	0	42.9996098018238158	-78.7771332263946533	5	1
30	0	3	16	0	1	0	0	42.9995705686922989	-78.7771332263946533	5	1
31	0	3	16	0	1	0	0	42.9995234889014171	-78.7771332263946533	5	1
32	0	3	16	0	1	0	0	42.9995234889014171	-78.7770688533782959	5	1
33	0	3	16	0	1	0	0	42.9995705686922989	-78.7770688533782959	5	1
34	0	3	16	0	1	0	0	42.9996098018238158	-78.7770688533782959	5	1
35	0	3	16	0	1	0	0	42.9996568815485602	-78.7770688533782959	5	1
36	0	3	16	0	1	0	0	42.9997039612372305	-78.7770688533782959	5	1
37	0	3	21	0	1	0	0	42.9997039612372305	-78.7770688533782959	5	1
###

bigger map:
43.00015, -78.778781
42.99804, -78.776270 

smaller map:
42.99985, -78.77810
42.99849, -78.77694

94.3 x 151.2 m

pixel to meter scale is 7.725


